List(List(0,0,0,0,0,0,0,0,0,0,0,0,0,0,0,0,0,0,0,0),
  List(0,0,0,0,0,0,0,0,0,0,0,0,0,0,0,0,0,0,0,0),
  List(0,0,0,0,0,0,0,0,0,0,0,0,0,0,0,0,0,0,0,0),
  List(0,0,0,0,0,0,0,0,0,0,0,0,0,0,0,0,0,0,0,0),
  List(0,0,0,0,0,0,0,0,0,0,0,0,0,0,0,0,0,0,0,0),
  List(0,0,0,0,0,0,0,0,0,0,0,0,0,0,0,0,0,0,0,0),
  List(0,0,0,0,0,0,0,0,0,0,0,0,0,0,0,0,0,0,0,0),
  List(0,0,0,0,0,0,0,0,0,0,0,0,0,0,0,0,0,0,0,0),
  List(0,0,0,0,0,0,0,0,0,((-1 + (-1)**(i2 + k2))*i2*j2*k2*T)/
    ((i2**2 - k2**2)*r**2),-((-1 + (-1)**(i2 + k2))*i2*
       (2*j2**2*L**2*P + k2**2*Pi*(-Fc + P*Pi*r**2)))/(2.*(i2**2 - k2**2)*L),
   0,0,0,0,0,0,0,0,0),List(0,0,0,0,0,0,0,0,
   -(((-1 + (-1)**(i2 + k2))*i2*j2*k2*T)/((i2**2 - k2**2)*r**2)),0,0,
   -((-1 + (-1)**(i2 + k2))*i2*
       (2*j2**2*L**2*P + k2**2*Pi*(-Fc + P*Pi*r**2)))/(2.*(i2**2 - k2**2)*L),
   0,0,0,0,0,0,0,0),List(0,0,0,0,0,0,0,0,
   -((-1 + (-1)**(i2 + k2))*k2*
       (2*j2**2*L**2*P + i2**2*Pi*(-Fc + P*Pi*r**2)))/
    (2.*(-i2**2 + k2**2)*L),0,0,
   ((-1 + (-1)**(i2 + k2))*j2*(i2**2 + k2**2)*T)/
    (2.*(i2 - k2)*(i2 + k2)*r**2),0,0,0,0,0,0,0,0),
  List(0,0,0,0,0,0,0,0,0,-((-1 + (-1)**(i2 + k2))*k2*
       (2*j2**2*L**2*P + i2**2*Pi*(-Fc + P*Pi*r**2)))/
    (2.*(-i2**2 + k2**2)*L),-((-1 + (-1)**(i2 + k2))*j2*(i2**2 + k2**2)*T)/
    (2.*(i2 - k2)*(i2 + k2)*r**2),0,0,0,0,0,0,0,0,0),
  List(0,0,0,0,0,0,0,0,0,0,0,0,0,0,0,0,0,0,0,0),
  List(0,0,0,0,0,0,0,0,0,0,0,0,0,0,0,0,0,0,0,0),
  List(0,0,0,0,0,0,0,0,0,0,0,0,0,0,0,0,0,0,0,0),
  List(0,0,0,0,0,0,0,0,0,0,0,0,0,0,0,0,0,0,0,0),
  List(0,0,0,0,0,0,0,0,0,0,0,0,0,0,0,0,0,0,0,0),
  List(0,0,0,0,0,0,0,0,0,0,0,0,0,0,0,0,0,0,0,0),
  List(0,0,0,0,0,0,0,0,0,0,0,0,0,0,0,0,0,0,0,0),
  List(0,0,0,0,0,0,0,0,0,0,0,0,0,0,0,0,0,0,0,0))
