List(List(0,0,0,0,0,0,0,0,0,0,0,0,0,0,0,0,0,0,0,0),
  List(0,0,0,0,0,0,0,0,0,0,0,0,0,0,0,0,0,0,0,0),
  List(0,0,Pi*(kuBot*r1 + kuTop*r2),0,0,0,0,0,0,0,0,0,0,0,0,0,0,0,0,0),
  List(0,0,0,Pi*(kuBot*r1 + kuTop*r2),0,0,0,0,0,0,0,0,0,0,0,0,0,0,0,0),
  List(0,0,0,0,0,0,0,0,0,0,0,0,0,0,0,0,0,0,0,0),
  List(0,0,0,0,0,0,0,0,0,0,0,0,0,0,0,0,0,0,0,0),
  List(0,0,0,0,0,0,Pi*(kvBot*r1 + kvTop*r2),0,0,0,0,0,0,0,0,0,0,0,0,0),
  List(0,0,0,0,0,0,0,Pi*(kvBot*r1 + kvTop*r2),0,0,0,0,0,0,0,0,0,0,0,0),
  List(0,0,0,0,0,0,0,0,0,0,0,0,0,0,0,0,0,0,0,0),
  List(0,0,0,0,0,0,0,0,0,0,0,0,0,0,0,0,0,0,0,0),
  List(0,0,0,0,0,0,0,0,0,0,Pi*(kwBot*r1 + kwTop*r2),0,0,0,0,0,0,0,0,0),
  List(0,0,0,0,0,0,0,0,0,0,0,Pi*(kwBot*r1 + kwTop*r2),0,0,0,0,0,0,0,0),
  List(0,0,0,0,0,0,0,0,0,0,0,0,0,0,0,0,0,0,0,0),
  List(0,0,0,0,0,0,0,0,0,0,0,0,0,0,0,0,0,0,0,0),
  List(0,0,0,0,0,0,0,0,0,0,0,0,0,0,Pi*(kphixBot*r1 + kphixTop*r2),0,0,0,0,0),
  List(0,0,0,0,0,0,0,0,0,0,0,0,0,0,0,Pi*(kphixBot*r1 + kphixTop*r2),0,0,0,0),
  List(0,0,0,0,0,0,0,0,0,0,0,0,0,0,0,0,0,0,0,0),
  List(0,0,0,0,0,0,0,0,0,0,0,0,0,0,0,0,0,0,0,0),
  List(0,0,0,0,0,0,0,0,0,0,0,0,0,0,0,0,0,0,Pi*(kphitBot*r1 + kphitTop*r2),0),
  List(0,0,0,0,0,0,0,0,0,0,0,0,0,0,0,0,0,0,0,Pi*(kphitBot*r1 + kphitTop*r2)))
