List(List(0,0,0,0,0,0,0,0,0,0,0,0,0,0,0,0,0,0,0,0),
  List(0,0,0,0,0,0,0,0,0,0,0,0,0,0,0,0,0,0,0,0),
  List(0,0,(kuBot + kuTop)*Pi*r,0,0,0,0,0,0,0,0,0,0,0,0,0,0,0,0,0),
  List(0,0,0,(kuBot + kuTop)*Pi*r,0,0,0,0,0,0,0,0,0,0,0,0,0,0,0,0),
  List(0,0,0,0,0,0,0,0,0,0,0,0,0,0,0,0,0,0,0,0),
  List(0,0,0,0,0,0,0,0,0,0,0,0,0,0,0,0,0,0,0,0),
  List(0,0,0,0,0,0,(kvBot + kvTop)*Pi*r,0,0,0,0,0,0,0,0,0,0,0,0,0),
  List(0,0,0,0,0,0,0,(kvBot + kvTop)*Pi*r,0,0,0,0,0,0,0,0,0,0,0,0),
  List(0,0,0,0,0,0,0,0,0,0,0,0,0,0,0,0,0,0,0,0),
  List(0,0,0,0,0,0,0,0,0,0,0,0,0,0,0,0,0,0,0,0),
  List(0,0,0,0,0,0,0,0,0,0,(kwBot + kwTop)*Pi*r,0,0,0,0,0,0,0,0,0),
  List(0,0,0,0,0,0,0,0,0,0,0,(kwBot + kwTop)*Pi*r,0,0,0,0,0,0,0,0),
  List(0,0,0,0,0,0,0,0,0,0,0,0,0,0,0,0,0,0,0,0),
  List(0,0,0,0,0,0,0,0,0,0,0,0,0,0,0,0,0,0,0,0),
  List(0,0,0,0,0,0,0,0,0,0,0,0,0,0,(kphixBot + kphixTop)*Pi*r,0,0,0,0,0),
  List(0,0,0,0,0,0,0,0,0,0,0,0,0,0,0,(kphixBot + kphixTop)*Pi*r,0,0,0,0),
  List(0,0,0,0,0,0,0,0,0,0,0,0,0,0,0,0,0,0,0,0),
  List(0,0,0,0,0,0,0,0,0,0,0,0,0,0,0,0,0,0,0,0),
  List(0,0,0,0,0,0,0,0,0,0,0,0,0,0,0,0,0,0,(kphitBot + kphitTop)*Pi*r,0),
  List(0,0,0,0,0,0,0,0,0,0,0,0,0,0,0,0,0,0,0,(kphitBot + kphitTop)*Pi*r))
